Isolation Forest
0.5138461538461538
0.5046153846153846
0.5046153846153846
0.5064615384615384
0.5095384615384615
0.5132307692307693
0.5027692307692307
0.5132307692307693
0.512
0.5021538461538462
0.5046153846153846
0.5113846153846154
0.5107692307692308
0.5175384615384615
0.4990769230769231
0.5175384615384615
0.5212307692307693
0.5101538461538462
0.5107692307692308
0.5101538461538462
Imputing with median
0.5206153846153846
0.5126153846153846
0.5138461538461538
0.5138461538461538
0.5150769230769231
0.5193846153846153
0.5163076923076924
0.5230769230769231
0.5187692307692308
0.512
0.5052307692307693
0.52
0.5156923076923077
0.5212307692307693
0.5095384615384615
0.5255384615384615
0.5292307692307693
0.5212307692307693
0.5156923076923077
0.5163076923076924
Iterative Imputer
0.5052307692307693
0.4916923076923077
0.4929230769230769
0.4929230769230769
0.4990769230769231
0.5033846153846154
0.5003076923076923
0.5064615384615384
0.5015384615384615
0.49846153846153846
0.49415384615384617
0.5033846153846154
0.5009230769230769
0.5083076923076923
0.49538461538461537
0.5083076923076923
0.5101538461538462
0.5046153846153846
0.5027692307692307
0.5033846153846154
KNN Imputer
0.5132307692307693
0.5046153846153846
0.5058461538461538
0.5064615384615384
0.5083076923076923
0.5132307692307693
0.5089230769230769
0.5163076923076924
0.5101538461538462
0.5089230769230769
0.5046153846153846
0.5138461538461538
0.5169230769230769
0.5212307692307693
0.504
0.5187692307692308
0.5218461538461538
0.5126153846153846
0.5132307692307693
0.5107692307692308