Isolation Forest
0.5362882899142132
0.5362882899142132
0.5362882899142132
0.5362882899142132
0.5362882899142132
0.5362882899142132
0.5362882899142132
0.5362882899142132
0.5362882899142132
0.5362882899142132
0.5362882899142132
0.5362882899142132
0.5362882899142132
0.5362882899142132
0.5362882899142132
0.5362882899142132
0.5362882899142132
0.5362882899142132
0.5362882899142132
0.5362882899142132
Imputing with median
0.5153616532394375
0.5153616532394375
0.5153616532394375
0.5153616532394375
0.5153616532394375
0.5153616532394375
0.5153616532394375
0.5153616532394375
0.5153616532394375
0.5153616532394375
0.5153616532394375
0.5153616532394375
0.5153616532394375
0.5153616532394375
0.5153616532394375
0.5153616532394375
0.5153616532394375
0.5153616532394375
0.5153616532394375
0.5153616532394375
Iterative Imputer
0.511431184666802
0.511431184666802
0.511431184666802
0.511431184666802
0.511431184666802
0.511431184666802
0.511431184666802
0.511431184666802
0.511431184666802
0.511431184666802
0.511431184666802
0.511431184666802
0.511431184666802
0.511431184666802
0.511431184666802
0.511431184666802
0.511431184666802
0.511431184666802
0.511431184666802
0.511431184666802
KNN Imputer
0.5110557358881805
0.5110557358881805
0.5110557358881805
0.5110557358881805
0.5110557358881805
0.5110557358881805
0.5110557358881805
0.5110557358881805
0.5110557358881805
0.5110557358881805
0.5110557358881805
0.5110557358881805
0.5110557358881805
0.5110557358881805
0.5110557358881805
0.5110557358881805
0.5110557358881805
0.5110557358881805
0.5110557358881805
0.5110557358881805